$ANSIBLE_VAULT;1.1;AES256
36373066653564633361396164636162346562346334323832323339616465373539363333646637
3531363662343866313138663838323064353234353832380a303030313634613233393334623761
35363735333832326666313639626539336462396335306231356665636536623339663934393739
6638653663326435350a363634343935393834363230633933633430646464613838656139663865
66366562306638623465343162373264363733653334363231613338633131393536383562303034
34643165346531616633633539623231343530613664623131333035663434393666396137316533
38663532363763356339613265643264663738383464306165613932643236373637633731373632
37633533336363313864313136363036303535633733623234613133383563353938343663633464
39363139376237656665383131333933633034303264636239396262623436663031363534373637
63306161386534373165663065353330386431626539316561636132326537386432623163363530
37616365653161323138636264383862363137366465313532633931626334666263353235323236
39653338323834633465353731316536646332663030353237353662343064396361303264623530
37633736653462363165373631353838623933643634343766666462643236373734313564393437
35623762353237353864346665653934383936373462636438303064396161386334626135386236
31643733376263333039346138646564656262333666376362666162316466386561373164613532
33333763616232326431313730643234666133666532313035343535313232616331616362656235
35363466663361323735323034316236386164393963326137616634326333656337656135626164
64636462323433363537313866633837326238393739356561623531636339303565666235393234
30663737363939306638343035346435383265356666666339363165626465313134343862356536
64396234626537633932323531646638626564316535363962323932336330303232353265646539
65666531623765313934383066653838636336613666323833343139353338323830333734383363
37343061393338653461343033623638383336383163366137663965336666643961663833373333
37663162373961383965666238626566356333393661363563363334393662393965663466613863
61633433333964346164626136613663366538313162336334356230303637653938663330653936
36373334636563656266316638303661313865663737633761373961396461633738376263663832
37323231353262343235346334303134323534663436303232333434643566393238346465386362
62316435333639353330343165313835353162363266383032336630663661383839303564653564
35626436303961656635343762326466326230303466323932323738643637623434386435636162
36653137363331666665326233353637316336626633393363633338646138656636613764393938
37626239343261393239303265633239343363306566316636656131336564373830356232383533
36613564323764623332333962343336303362613362666531306132333365666134303864353662
32323231613965353436633133613933333861656633306330393234343834386462383735373766
37353732373033396234366633643936656536656136346661623535383832616235373430656263
63613437333761656265353966306132353961316134393862396136316138623538313038393262
39623263326563306539616162616462613735633235626631313235363531366338353031306137
62623139663966383934656637363432366431386439353737306232373331626231616436306563
66616466643538653634646435643734373836373562323665313462613233653665303939366432
36313635386238393064643930373332613533313263623961326636383962323731333163316430
33616137383631623465316634613361306433336663636436623334653262373464303532643734
30323034646338343031343462373039363064646630376633363132653961393438373432346466
35323238333363363833353962303937653939656532313630363661653634306566303732313236
66326639333939633934613962633161313233313437353032363061306637656335346631316234
353763646534623261363332663464393539
